9134
8328
266
238
8053
3079
3822
136
9281
7896
1818
8503
3378
5049
7088
1782
1929
1208
8994
96
7182
2807
5572
5687
992
2004
4285
6005
7038
3860
1767
1821
5117
9954
3000
6777
4015
3617
8161
1133
9899
7191
1022
9099
492
2270
6221
6120
1380
9775
4006
9751
9728
7871
102
5348
2402
2238
5236
5699
38
5022
3584
1944
5948
5894
1869
1628
8938
1091
1190
8616
2051
4061
1801
8700
5097
4362
6971
4226
7376
9876
5870
829
8458
1044
6938
9457
9093
4847
2632
7258
1372
545
3609
1627
7112
8825
5426
2732
6100
924
3657
1169
1314
4547
3970
9054
6535
8948
2131
4827
2854
2423
5201
4303
4500
1641
9219
3109
1158
3720
588
8531
3458
8779
8046
2030
697
2822
9649
7189
5005
8203
4471
1690
4152
1720
1902
6108
5983
8393
2359
6713
1068
2390
1957
4298
6576
5208
318
6110
3602
5248
5006
3370
2229
2202
8359
2582
3452
4307
2408
4857
4750
6434
5472
3809
6594
2245
9614
9238
443
4192
1581
774
4902
1009
1156
2937
5625
3529
9864
645
6273
6143
9916
2108
2381
3043
7916
4269
7345
5493
419
4464
9897
8805
8715
805
5418
5461
8355
2976
9239
3847
4896
4542
8672
463
1082
7699
1923
7135
2277
1439
6298
3761
6311
4533
5115
1427
1142
5429
2619
335
8716
2202
8838
1945
6237
7019
1829
4948
6698
1239
3012
260
8970
9232
2435
1089
4008
1269
4698
317
7783
8428
3009
8926
3484
5374
8383
6003
5171
41
3346
2975
2609
2839
4669
2184
2336
1773
7646
2603
3119
4060
5210
3613
4942
9285
8796
1071
9397
3894
4253
8634
5946
1923
5378
1250
2873
2271
9629
7081
3994
8515
5488
8691
2148
3317
8555
4311
8348
5782
3978
5209
1095
6810
6086
5754
3818
4405
2211
8642
9627
8238
6585
8921
1690
276
1949
6955
4388
6262
1038
2269
5112
986
7452
7342
9087
8856
5602
2837
9918
77
2410
3508
6686
1933
9191
7082
4378
4103
800
6777
8192
6731
499
1805
3828
46
3267
9198
5259
4754
7276
4603
8681
3102
3142
9318
6343
1560
3223
5753
6781
7411
8681
3776
8623
3172
366
5931
3572
4738
646
389
425
1425
7236
6704
6083
8664
6814
889
1368
7008
5734
3187
9171
4317
7526
3984
9965
1519
2013
787
5031
6186
8871
1892
898
2299
9241
455
9423
9056
2609
6033
6705
6349
2584
9348
617
9602
4433
20
1089
2112
9275
6322
9508
8680
4681
630
3591
413
9110
4170
1902
6860
8075
9912
7852
8339
3223
3015
6425
8234
1627
4098
8172
2359
1501
1783
4053
37
2271
7480
1623
9463
1478
7147
7729
8129
8357
1917
5416
7614
4071
1889
3041
869
1592
5139
1758
9304
3996
7060
3445
6417
8526
3503
4939
4495
5234
4879
6005
1015
3197
7380
7843
1744
4379
1770
6132
8280
5034
9826
7649
8793
7237
3453
2283
2039
8602
1700
2918
6420
6511
6514
4123
7763
4325
8900
6805
1833
937
3346
99
123
1748
9879
3622
404
8718
9901
2923
6718
9472
4102
8483
7018
606
8149
3926
505
8350
4613
2242
852
482
7660
9773
5982
7044
366
6469
9838
3791
3238
7501
6647
1547
6499
5681
3634
6682
7993
6373
3787
2775
3204
6552
6364
1198
3800
7510
9125
8826
6363
6340
2937
4380
3527
4781
6379
1009
5603
5242
5217
1624
1964
2939
9246
5246
7953
9917
6848
7148
4870
1462
5884
2944
7751
7896
8012
6926
8031
5086
2397
7947
5971
5111
3911
1927
769
4509
389
8659
4634
1260
3276
2027
803
3234
6112
6949
4466
249
5662
3431
9867
9031
1249
7934
6470
5425
8852
4965
2022
998
7874
7240
570
1827
137
1089
9059
5694
2626
4854
7002
196
7768
1977
9904
8322
7638
7151
8596
9953
1367
3523
3460
7436
8253
1211
4642
879
2591
2623
6774
4154
82
8023
9475
5724
9834
5572
2963
9345
421
3681
1464
8475
3253
9953
5805
4777
1586
163
557
5498
8916
2843
406
6694
6195
9808
5051
9295
3353
706
1862
2804
6935
86
754
7091
2304
8815
6334
6149
5859
7760
8193
8985
9944
557
1438
1842
750
4048
6041
2885
7395
9474
5373
5135
8585
4884
1432
5966
1783
9392
6701
1813
8649
2871
304
4853
9663
485
9192
4368
327
49
3469
9290
1069
1633
8639
9949
3124
3051
6542
6489
3006
1913
1078
8553
8943
4776
4413
5906
3651
6595
4303
2439
9161
9159
3420
6664
1069
5471
7108
240
1548
8156
6884
2345
2717
3885
3159
1749
4567
2531
2174
388
4544
9314
8920
1855
9085
561
9969
5813
955
8839
7536
4605
44
1246
8868
1491
9448
5375
3093
880
3129
1140
1031
9705
6196
2998
2174
5635
3970
6392
6999
2211
1375
4230
2117
3212
9916
4108
365
8530
5526
4625
7884
1679
6923
9627
5459
4705
727
2513
1978
9678
6596
8821
3709
7244
2884
4256
4294
1765
920
7017
6844
9468
3917
7859
1336
712
4719
8640
7605
10
5128
298
6709
7745
8389
4178
1119
5668
5556
6401
7303
4204
5938
3585
2614
3360
1585
9659
2070
594
5868
7696
9628
8393
6613
7788
2833
1505
4949
1783
9378
8778
2068
8420
9009
7380
7421
7838
4462
7818
3545
2756
699
6603
4649
4692
2540
9694
8380
7546
7012
3892
2795
7560
8178
5278
3417
8234
9085
3458
8523
1130
7508
7894
4290
8637
9678
7931
5293
2789
8864
1261
9985
4987
3772
6501
5265
5081
5076
4341
8983
4713
7087
8274
4377
9012
5560
314
5767
2796
1927
9303
610
2295
8896
9415
8989
1048
2264
4288
7997
9137
9032
7858
5081
8187
2492
6400
1409
677
800
7562
3592
1031
6741
1224
9651
7659
2893
3927
3065
9688
8182
3289
6921
9466
8973
1361
8708
2076
232
6161
5159
6098
78
8810
5676
5632
4074
9582
2331
2200
3981
9999
4245
6565
9399
9623
4182
4744
9675
5617
5656
9495
7803
331
9503
8469
7645
7172
9940
2835
723
7854
1450
5675
9094
4749
9486
7773
6362
508
9949
9468
9773
3385
4670
1196
2480
767
2729
2076
6605
5295
307
5406
4500
7660
5030
2319
7739
7678
4239
9999
812
542
506
8841
9217
8326
1824
3728
9719
7718
8386
8206
3914
3759
2643
6734
4906
5902
4409
9463
907
7121
8184
5968
8880
8977
5589
9277
5951
5556
1815
9173
6269
7045
1343
4221
6210
9295
4829
5280
1405
9234
6020
9352
4921
7179
4839
1546
7109
6242
365
4645
4149
5844
5330
322
4081
1098
1978
3409
6295
2298
7645
763
2817
9103
7274
9276
7527
2107
9194
3366
2468
455
15
864
8789
7934
4184
7667
3546
1499
3933
5720
2565
5637
5648
5952
3905
3107
9492
7641
6048
7667
71
8339
9897
7155
7321
3980
3891
5991
8399
7078
7124
4565
3369
2027
6191
9256
9713
424
7703
905
3304
6084
9883
1434
6373
8930
3455
8010
6215
9318
4199
1668
1906
9513
6920
2609
138
7004
3362
7548
5431
5152
4644
5425
4452
257
2167
6535
8918
553
9610
6739
6695
1856
2639
2772
6056
6654
2266
6878
3815
8256
2394
9006
4037
9301
2034
2621
420
4398
7910
5836
2023
9962
3739
2981
9048
411
8332
3031
2606
8818
5846
353
10
1812
8006
127
5040
3099
9944
5504
827
7304
8386
6048
1529
5997
3380
7371
7823
774
2491
9957
373
4018
9444
1159
4897
6593
7564
8087
2251
3133
2051
697
7011
9817
4114
3752
8438
6558
4301
3547
8452
5395
1980
290
2227
9536
2850
9835
8380
2982
6613
9148
7378
8956
2503
8268
8731
6457
1207
7841
9847
8176
7939
5343
1980
9756
2870
5011
1612
9885
1984
6191
8843
3109
3483
2316
7862
2371
2352
8062
8416
6299
8415
5364
1361
7036
1253
9900
5821
8019
8766
8440
262
7514
4800
4012
4888
2965
5285
226
8153
3242
1617
8287
5899
725
4646
263
7652
2837
2566
9951
961
3105
1233
8372
1301
5133
6011
4329
2018
8962
103
1752
6090
8218
5517
4599
9057
8165
9291
7004
360
9340
9429
1008
8555
8778
2118
6785
4408
1021
4205
525
4674
4068
2677
3334
8559
1231
5955
414
8287
8439
139
3579
5007
7983
7074
1699
1333
3891
67
3083
2213
1187
7395
998
6570
1118
3390
8513
3134
7131
1773
1706
5251
1825
6201
897
1106
3421
8513
7998
7756
1384
6045
4373
9625
4748
5562
7630
4742
3426
2860
7668
4857
2329
3867
2022
8825
466
5240
8018
2136
2367
9828
4591
9344
7161
5176
9780
256
1390
1246
806
5253
5317
6944
2443
9842
8816
3694
5960
3667
2230
8307
5265
4582
9595
6710
9119
4105
6466
4683
8276
6619
2288
1739
4226
979
7693
9460
1865
9891
420
6231
1850
9349
9651
6108
9672
7697
7469
811
7535
1506
7873
260
2024
3293
8341
8935
5247
4400
6251
2421
9632
4795
2682
947
6885
468
9054
4476
9779
8189
7879
6947
1327
6894
7498
5651
9729
4726
2092
5393
8999
840
2468
6101
4575
1498
194
6837
441
686
7490
8782
9257
6485
7935
4725
9842
5830
8569
2777
6987
1855
2214
7663
7018
67
9977
3731
8783
1812
7791
70
3823
6101
7599
9574
1364
3782
3299
626
3456
1224
3951
2177
3119
4224
1900
436
3646
6702
1441
8124
378
2847
4450
5317
7191
5908
3016
4246
8712
1539
5509
9131
5831
8737
1759
6100
6494
6785
5057
7567
5922
2346
3554
40
438
6861
1267
4295
6899
757
9431
2054
5352
7607
2180
3904
6001
8364
6668
9028
2821
3050
6649
8531
5222
4877
272
602
6061
9681
7376
7607
8992
1750
8931
2279
655
5667
1430
2629
3531
2622
2040
2958
3410
8788
6061
1362
1387
2830
6908
2547
4052
9394
190
8405
7099
5499
7735
7827
6992
7159
4411
1519
2494
4286
479
7220
2891
2934
4860
5633
2574
5292
190
7644
2241
9483
8806
8954
5478
3187
9944
9101
5696
7383
2310
8077
2491
9092
2943
5168
8384
4897
2808
1528
6580
253
1919
59
7912
3083
1970
3634
436
4044
2408
5421
8308
9951
6681
3153
7489
1346
9024
2519
4609
9947
8500
3567
1882
6827
6323
7988
5340
7546
4450
4452
5880
6184
8353
3807
2592
6264
4487
5848
5682
2858
3502
4660
1940
6852
3498
30
9123
9287
3742
8352
6924
982
8189
7602
1234
222
9864
7438
5309
9203
1702
7335
6146
8143
6818
2734
6872
4462
1318
1643
6303
3329
5752
1875
4915
4968
7108
2134
2470
3603
1844
8579
6259
2711
1858
2128
512
1303
9550
784
6923
6395
5150
5579
3407
7510
9346
8321
3230
97
6924
4295
9494
6085
2581
3289
552
1436
8397
7881
412
2538
3536
8797
4438
5531
662
3317
4711
5277
293
4228
1334
3550
3851
3583
5618
9276
8517
7706
8637
7133
2184
7249
3932
4701
4744
8911
6296
2475
2777
3437
9517
5527
8287
7918
4697
370
8548
9079
7381
5693
3362
8227
6053
985
8075
7876
6813
2834
5520
4630
9025
4676
7768
2880
4546
2118
9008
9104
8809
2616
4187
7101
5442
5241
4143
375
7403
3540
6874
9068
6652
2112
6316
5320
1287
5377
4549
2751
3750
5268
705
2885
6245
3081
4
3752
9798
9556
9331
3662
1554
6429
1577
6193
837
2126
9526
806
8261
4089
1532
7197
3760
269
5434
446
8779
2745
4199
8399
5066
7146
6643
2261
7536
2554
9247
6378
1454
7933
549
3378
4886
2750
7913
6436
5739
1443
7543
1265
9029
3658
2559
6644
4070
4742
650
3772
3142
3927
2399
1548
2927
807
3682
6994
7480
4256
750
7478
6861
1778
4550
4118
8639
1413
1660
3845
477
2812
2796
908
734
8829
6264
7362
605
4115
2981
6007
5703
2560
1710
8592
7174
1160
8002
6714
2474
3908
8032
2741
3724
5648
8963
3394
7212
2478
788
9104
1070
2248
684
8196
9380
5984
9843
6091
70
8648
4462
6231
833
5557
7128
1232
1979
8965
2173
9888
7685
7889
8746
8086
7378
3047
8336
9435
7161
7958
9256
4461
7131
6708
9213
5594
4164
8655
8500
8867
1375
441
574
2217
4791
6087
3827
4605
4994
6633
8213
9772
6518
1848
3052
3416
566
7836
7818
2760
7283
6046
6011
3103
2261
1127
3299
6761
8189
7380
5065
6028
6665
6099
5179
3249
7060
9052
7402
7920
8998
6511
3141
2858
2576
1800
4480
8885
5714
8155
9341
250
1205
7847
6481
1047
6956
7963
1580
6255
1674
2054
2114
9731
4841
1899
7950
5447
4184
9067
6612
7598
6051
1675
7037
9818
4123
7733
3304
3652
9706
2836
300
1720
2474
6605
6573
1522
4003
9234
5717
1726
7671
6785
6586
3954
7589
1455
4302
9588
6109
937
8630
2900
4143
9223
3597
8954
1050
9713
2411
7144
1159
319
4740
8992
2141
9431
9158
1857
6382
1062
2205
8614
273
7246
6905
7012
7900
5888
7825
1433
5015
2636
6781
4065
6345
6062
3189
2143
4335
6484
5667
2815
200
68
7029
7466
8853
1534
3075
2860
7668
714
6676
7346
5333
527
2600
6563
1104
6486
5215
4541
6659
787
789
2944
2459
7202
8414
3287
8005
6572
8789
4405
738
6490
8048
195
1437
2945
4619
708
4927
6142
710
3036
3671
7492
6417
7119
8386
9876
3706
5598
4214
8639
9518
6136
3168
6546
2154
9260
3602
1891
2713
4701
5243
5345
3868
4453
3991
7749
1539
1330
4121
8022
1136
7677
6791
7631
8948
57
2820
5683
1001
2238
4599
6546
6223
621
6686
182
8140
3352
7145
3844
9464
6796
2021
2667
6932
811
3471
5813
9527
7291
8006
4300
1844
4845
5090
6413
5744
6126
7886
6703
7706
3361
7327
4944
6287
1895
7911
2173
3997
1218
8590
1931
523
7848
4987
6181
9738
4708
9778
7014
1219
7179
6532
7228
8089
6888
8576
5140
6934
458
8502
1567
2255
1961
5836
9832
7467
4607
72
2846
6810
9329
3796
4844
7698
5342
5942
9213
1020
522
8346
7967
7682
7486
9746
2910
3297
4632
76
3299
9347
80
4547
9902
8352
445
1328
750
2642
5692
8882
9588
1174
5913
8989
4079
6493
5848
9347
7111
4430
8145
5232
1254
2414
6997
3189
3337
8375
9573
952
3419
1130
3920
6885
6
4893
8458
9110
1254
5053
3
9187
133
9758
4407
7721
35
1978
6280
9603
6161
9718
2053
4701
7155
7836
3671
5799
933
3512
8573
9313
8421
8866
5320
5894
9006
8402
3199
7428
1902
6046
8452
4116
8355
6351
9401
334
620
7154
7658
819
4999
6417
2879
9314
7871
4284
4028
311
5594
2492
1062
727
1474
7194
7043
2486
5528
7965
2253
8807
5724
5323
8641
6733
2558
1430
5087
5926
2351
3828
1368
9094
8532
20
1484
2521
4257
1506
5035
6154
4230
9496
8733
1435
8346
930
8785
1639
4861
2656
8903
3889
6207
3677
7995
4186
6265
208
6208
6810
3961
5979
7918
7288
4350
667
5532
3740
5050
2655
8487
4858
2804
8410
7739
4064
2260
9682
7183
8416
6627
1473
9959
7770
7768
8244
9401
4359
1516
3197
1501
5479
2502
5626
8203
2301
1645
4321
8561
5953
8596
785
7895
7948
875
4633
3389
5838
1247
4973
8327
6495
4941
5767
6080
8839
8739
243
9339
5020
4651
9259
9648
4068
1945
1198
7258
4845
2624
6454
1554
5790
7078
7840
7868
7347
8638
9382
7349
9294
7997
9858
2767
9192
1083
4176
4593
113
6840
5220
8521
5473
4603
1166
7721
6317
4290
8407
526
1722
6429
8228
7013
6117
3249
6155
6001
8278
6465
6499
7334
5493
2216
1045
3026
2988
8660
55
4817
3079
7159
5795
5021
708
3695
3658
2131
2036
3163
3611
2611
597
5549
5175
5529
1126
9654
2446
7258
4662
6949
1758
9312
9732
5479
3511
3604
3553
1271
1407
5884
4031
2632
6902
9912
8052
923
3995
2073
4064
9923
9686
8541
7275
4739
8377
4859
3921
363
4302
857
7019
9438
4671
2194
9759
8580
7623
3497
4270
2680
3318
7066
2903
7021
3537
5402
6319
7750
5017
5476
7736
2264
4397
7528
5477
2433
8154
1492
6604
5199
9187
9653
2868
7084
2796
5036
6483
1389
8760
1198
7266
9473
2884
590
4615
392
1002
5468
7458
6400
702
7448
2840
5322
1264
9225
9114
4663
240
4725
2867
6464
5924
2026
9629
6379
8543
6737
7193
5207
9426
2212
6931
6230
6647
6966
2904
7091
7644
8988
710
644
4217
1226
8088
5273
2932
2490
7063
1473
4465
3235
3079
8172
8699
6263
22
9198
8477
8232
1261
7612
3875
9061
5947
3191
524
2806
6664
6229
107
5379
9249
9095
8481
1618
8073
5440
7041
6640
441
5838
5941
4152
1871
7772
3546
7446
9967
7337
5133
7191
8365
9823
5226
3801
3811
6416
2238
1150
8788
4653
1068
2732
9341
996
9216
956
2732
4897
4595
5218
2384
5076
8737
4629
8228
382
7350
6833
8986
9560
1313
5219
9196
6545
5084
3024
7864
460
6252
4282
7498
2431
9489
8445
1990
4514
511
7542
9312
9570
832
2247
317
4765
2067
5915
8072
5512
9334
3744
3103
1135
6902
7551
8672
8326
5660
5373
6813
3532
1201
9060
189
827
3355
2358
7088
7528
2870
6592
6832
5842
8588
991
736
5162
8968
9929
9355
6298
5056
9948
241
5876
8165
5247
1652
6411
4388
1550
6758
5162
9819
4731
9767
2778
4920
2387
68
924
3773
3687
3044
6658
4175
5216
6477
115
7482
8329
9644
1227
2903
6544
8130
685
9563
9893
1146
93
1045
6826
9717
6372
1377
3258
3481
5877
8454
2663
1052
4379
735
717
3897
125
5742
2949
6495
8482
4339
4088
6208
8365
3087
3351
4698
2592
8052
799
9033
6570
7371
6049
4651
2335
6610
2141
4268
7848
482
4161
6503
4662
6858
4333
5499
619
4148
2740
8139
8045
1137
5563
8608
2089
9135
785
979
8297
9894
4690
9269
3296
9187
1158
989
7547
5149
9740
4586
4527
2534
7838
3375
6416
8891
6888
8584
2386
6331
2418
1927
1929
3025
3071
3786
2313
1887
4252
6509
6211
9963
7911
3602
2836
1015
1187
4657
3489
5456
3094
2755
337
6382
268
5762
5452
7783
9889
5468
5645
1177
351
8820
7514
9885
7957
3649
6217
5987
1028
7230
996
3550
1119
9786
217
3197
4781
6599
8793
7252
8248
1793
1272
1791
1774
4050
4543
1745
9944
9518
5197
7888
9209
1
7852
11
4169
5159
2474
8880
9644
5885
606
673
6482
2290
2784
1513
5200
3801
1914
6451
3070
753
369
6760
7068
6568
1713
1800
7207
7113
1520
6852
2224
9146
5587
6294
2328
2922
7981
2306
1772
4923
5830
2877
7377
5516
2553
9301
7834
2825
6286
2590
2580
8565
5691
266
8379
3737
1023
9848
6325
2103
4380
3013
1944
7204
9366
4899
6305
4274
7088
6290
6611
1900
2331
2551
586
9509
1065
2078
207
5825
7998
8761
6765
370
804
7508
1094
4718
5873
9212
9889
2780
8931
1739
1498
9667
2757
6454
2288
6869
3322
5641
7768
7375
5186
4723
994
8167
6737
4654
4493
9076
5952
4044
908
6357
7757
7653
1889
6570
4781
7707
4379
1332
4319
7189
8356
6351
5666
9724
356
8770
3622
8944
2645
5313
5931
1377
8785
9962
4718
757
2521
4001
4536
8437
8403
3106
2559
4078
9363
5890
9683
3184
8608
5812
4784
3189
585
3666
8251
7797
8552
1032
5060
55
4324
5986
2099
8251
9141
1145
9244
5150
3288
695
8783
289
6084
7422
3155
7115
7177
2975
6720
1597
4675
4600
3266
6592
5611
9397
7339
6765
9456
2793
4078
2093
5953
1373
9261
4150
4440
1463
8485
8248
2964
3950
2043
6229
2045
2673
9912
9296
9686
8460
9529
7553
1410
3362
7510
3156
1480
9975
5343
6905
9254
8862
8209
3937
7628
3058
5568
2751
8949
2370
1907
3239
7409
1779
6146
3601
5959
7628
8589
3094
73
2479
5035
7374
319
4519
8663
5905
616
253
1676
6360
9314
9804
310
9219
5778
2634
8793
6906
6027
7741
119
5703
7177
6445
4067
5395
1906
7799
5821
1173
986
6309
1742
4647
4035
9205
2385
6005
6080
5785
6670
7323
257
4532
5288
7817
5052
4602
5868
5454
7817
7084
7229
5734
5026
7985
5097
7677
3690
9272
7096
9125
7670
6525
523
8287
7263
1730
2447
6129
331
7595
7988
4716
8528
5393
9330
9850
2702
1770
4930
2525
7446
1256
5699
2552
5932
232
2503
9519
2664
5048
7232
720
3605
1644
7914
3089
228
6547
6837
6328
6488
9460
9542
7372
5469
5754
1633
2175
5468
3155
9859
9344
3724
670
3695
1629
9595
9347
3696
5438
8054
3885
3360
5647
8639
1281
1899
2790
4620
7711
6365
2398
2086
7678
2912
1721
8891
93
8627
7374
8964
4384
7320
8545
8337
6014
4943
4305
5449
4837
2900
318
9776
1628
396
9758
9622
7800
208
5618
2046
844
5762
6752
5335
3349
1256
7963
7149
6585
712
5256
9562
591
6304
969
5546
1459
1083
9908
173
3087
6314
6850
3764
5054
9024
7816
3542
458
1103
2357
4974
7596
7287
1788
3885
7147
5730
8759
5710
2191
1476
6847
8773
1821
167
4978
4387
375
6521
372
7702
3381
9781
5458
9787
8204
6175
8733
3159
2062
6671
6895
179
2610
6832
5757
6083
6598
4404
406
6228
245
9435
883
141
930
1175
8255
3363
3543
5781
7357
1734
6429
8951
6733
1776
1226
8002
3320
5142
8115
8617
9290
4694
2983
2520
1134
4730
5853
3677
6522
8115
542
2252
2809
8618
3983
7542
2117
7648
9868
3363
1870
739
5391
1950
6365
644
1711
5362
4526
700
8471
6550
1319
4255
231
5814
5484
3345
7964
2193
4225
2614
1927
3469
6267
2453
3156
2972
8318
8777
9591
6093
6380
5474
9407
4545
2573
9606
8528
1792
188
8720
1480
8777
4537
4247
4749
5117
4837
4923
9661
7256
2819
9371
7380
1739
7095
7579
2138
8700
8354
6848
4
7977
9440
8987
9615
7807
6038
2008
8168
3988
8268
1399
641
5596
837
3155
2777
1877
9550
3194
8625
3751
4972
5508
1608
2547
9820
4494
4028
8031
5276
5219
3659
7557
2807
9131
7684
8285
2334
1641
3574
4786
4603
2382
3754
5084
5500
8509
5861
9191
2682
6384
3266
5551
395
7195
1131
2447
6649
7646
1736
3387
7988
7703
9086
7760
1058
3570
6832
660
6861
5569
5487
8637
3148
7394
4567
1388
2759
5330
2815
2907
859
3474
4996
9442
2033
3719
6866
5784
8969
7321
888
5839
8062
8266
4002
8256
3711
7292
5359
2924
2273
9449
6279
9587
8718
7376
6930
5517
3850
7079
4188
5228
7647
2962
3005
1535
4737
4062
9224
3925
1335
4024
5219
7157
9040
3226
1025
309
9845
2617
2665
4037
8416
5355
6291
1757
2233
4119
1443
8633
7570
9105
9221
817
9416
4119
1537
6181
6451
5970
5688
6987
7969
5367
4481
4345
8240
5950
5888
4130
5217
1708
7781
4095
4752
2096
2673
2318
8464
8401
4604
7844
3337
4590
5315
5399
3716
750
9667
7389
1891
7523
908
8068
1751
5451
4835
6684
1064
4048
8149
8733
1884
1580
393
6998
5296
8045
720
6974
6274
619
467
4491
6742
2998
9992
6865
138
7456
3571
2741
8727
1215
9284
9970
5714
6753
1760
5273
7808
9073
4409
4287
317
1609
4365
5615
6046
6455
7712
7936
1364
3925
4785
4941
7607
1023
5356
8874
3692
8392
1308
9809
6269
516
59
4433
7038
4508
5447
5070
2962
8721
4018
6969
4027
3542
3767
9450
4916
3285
9248
4404
1519
9859
1663
3877
544
6032
5060
6959
668
8526
90
5070
6642
8952
4902
3862
3547
3597
8705
9433
7022
1520
7295
6318
6679
4009
1399
4806
4164
7520
8090
5544
4348
6489
2709
93
8009
2018
3765
7131
7011
7401
6062
5322
8471
1674
7997
5553
2698
7931
7353
7162
793
4038
6235
5091
1714
9530
9818
7456
5328
3996
5494
5966
7530
9039
8685
4781
5859
8043
9104
6978
9187
5393
6574
1601
3063
9532
8634
8425
3079
2332
3130
2039
2200
569
7726
1610
4465
4026
4861
7803
6653
8718
5054
3703
1561
3027
3654
2320
1412
9188
6147
9272
7552
2469
4956
5596
3088
5646
6294
2247
8401
6925
9089
4866
5588
5340
9259
4623
6780
8830
1671
8551
3029
6689
9034
692
4992
9903
1634
3574
3996
9999
4361
8075
2224
9454
7798
8566
3759
4477
8238
9364
3995
4014
7501
8013
3538
7203
7143
654
4139
5193
3227
4868
8416
2223
7213
5747
2179
5176
5746
1677
8014
432
7076
7335
1449
1780
4720
2755
6518
3402
9592
8932
5802
7475
251
2453
1163
6833
7218
3855
5271
9298
1360
7053
779
1777
8216
43
3525
9057
9868
327
8497
4305
3442
1998
2473
5756
650
5308
5212
6785
5941
3639
1871
4635
1742
7305
2923
6427
8065
8363
4279
9766
288
5701
9521
9266
3355
5092
8222
9587
2781
4575
9158
243
2900
1604
4908
7320
599
4689
4781
2549
8410
8939
6351
661
4298
1877
1928
1898
6721
3150
5253
7670
2635
9373
5410
3888
2968
3220
9498
8277
4820
4118
2956
5123
2139
6397
6603
3306
6937
9594
2432
1249
1258
4778
5984
5440
6055
203
1744
7576
6894
9381
9394
9042
7961
4755
3017
448
5254
549
2361
8240
7027
9090
5143
26
4561
5924
2013
5196
9168
369
1327
7643
1961
9822
9105
2968
1372
8086
703
3402
9671
262
4629
9881
3782
9332
5640
2176
7614
2474
3842
4824
2801
8350
8828
8680
2244
141
3069
5385
6204
2926
6763
4767
3802
8188
7126
3233
3725
2641
8706
4629
6735
3397
7733
3667
9100
6546
2743
6055
488
1640
5739
8753
2046
277
3033
8409
402
3013
2545
5941
1143
5157
4853
502
960
8670
8542
6599
1109
4333
6530
4015
6076
5643
8947
1369
427
3470
9882
636
3688
8424
9862
1755
7822
6058
3245
3580
4355
8623
9928
9859
8542
5854
3705
6653
6096
6471
5415
694
3938
1520
7639
6523
205
457
9098
3954
310
968
1143
6368
5246
3908
5776
4700
5499
5480
4476
1553
8982
9773
9790
4830
4193
6121
7111
517
442
7426
2375
9789
5447
7492
2485
6519
6864
7759
9216
7396
8357
6362
4064
8413
2742
5364
1047
8234
4401
5223
6821
1121
694
9083
2650
9492
7401
3292
720
8954
6387
4734
8109
6689
4591
13
5316
7464
2243
6277
2656
189
4760
8602
7077
1976
7146
4227
3984
5917
1963
9648
3512
3466
1888
2604
8352
2195
5755
7345
724
4965
2569
8189
9359
7115
1444
3365
3487
4120
6692
8404
9716
3354
6325
5926
9433
118
9159
6579
8886
9851
376
4089
1474
5602
7916
5912
1928
2258
2406
9823
5043
6757
1458
5903
7416
6587
5105
2884
9261
7238
2930
7553
4755
2949
4992
6032
3636
4088
8044
6121
3782
8820
5742
644
4386
6319
6546
2718
1970
3731
5843
5243
6998
9322
9447
8537
7110
9811
4089
2002
4118
764
6763
8008
5814
5080
8867
8739
373
6138
2971
9657
679
8925
9720
6467
8232
4638
9924
5967
1496
1655
2166
5019
1501
8505
9439
6031
8311
2565
9237
1792
5563
1527
293
7279
6732
3411
5740
1156
5950
4849
6848
5069
8305
6715
3681
4560
9362
752
9038
1447
1323
816
9863
3872
3732
7577
5935
6832
9914
6079
9111
3005
6430
1446
7634
953
1770
9170
9115
5347
2216
2950
2665
1799
7351
4825
5352
7058
5047
9475
679
3886
5934
7015
7085
8750
322
6309
2622
9618
6343
3926
7895
613
6689
2218
3122
52
2726
3665
6734
8498
9004
7646
2328
3824
8219
110
7974
1028
6535
6191
6908
5560
1848
818
1423
243
3033
2541
2460
7535
6538
1402
5797
848
7757
2524
2032
883
8557
3288
1605
5581
9054
3434
7998
5135
1261
4278
1947
6755
4609
5298
7014
7396
8488
3821
2181
6497
4944
6259
272
4918
5453
7412
1947
745
9297
7719
3785
7392
7496
7028
5522
4522
5451
7428
5931
7720
9530
7028
8983
8534
7642
1159
1981
2573
1551
7409
5152
9633
9128
6162
7828
6522
8047
8855
9800
184
8531
2034
7665
6019
1670
6481
5095
3866
1552
7181
2812
2034
4018
1682
8754
7963
2157
1546
1447
2629
8878
4014
9892
4663
9836
8739
1439
9252
5782
7511
5035
6426
2045
3269
1032
3049
4224
8357
274
2943
3422
1011
4595
9988
1403
3321
8046
9730
5877
3589
3171
6063
8821
877
9502
902
6176
9837
2038
6389
5613
9422
5954
1161
94
9995
33
4470
8936
9493
5373
4535
4761
814
7842
418
4291
9420
2404
9908
3291
2223
4991
9436
1113
6308
2892
5889
8301
8737
7772
4322
1485
6777
6387
43
3409
1249
2817
8319
2337
4359
2599
40
4339
7396
3558
7070
3966
2981
289
6744
3702
1136
9294
978
238
8443
9569
1799
6081
4724
9091
1772
8328
2302
1087
4734
2506
8731
5245
9545
8331
5072
8073
7141
5927
8291
3531
9073
5625
8170
9723
3951
1788
6215
9970
6692
1300
6506
6902
4363
295
6159
6331
1524
8546
6137
3633
7445
9490
1501
9105
7355
5314
3903
358
9969
729
8081
9170
3925
6129
8451
7442
6498
659
1491
1883
8953
8391
4566
9903
4279
6304
2054
9807
4654
1017
5227
6830
7975
2364
3177
2825
5069
5792
8288
1483
1770
2311
1224
2843
2964
4247
7220
547
8900
7410
7594
2829
7616
5460
7803
3502
1134
238
6142
2399
7259
2586
5204
5610
3256
1832
1632
4685
2477
8500
8338
472
74
4036
7371
1711
9349
3396
942
651
6013
1182
2691
7999
3619
9686
1262
7321
9815
7676
3448
4637
9682
2053
4772
2433
9388
609
1192
8531
689
3024
6845
9364
4355
8994
9190
4073
8543
6888
4781
532
6322
3718
5940
6946
5083
7340
1111
2947
9427
4826
9364
2294
8245
6678
2592
5183
6188
5227
7333
1985
9490
6917
1798
1742
6202
2432
2691
8197
1283
5673
741
3285
7730
2414
3433
3043
5919
2162
8410
3715
4708
2209
1220
6470
9475
1164
6667
7576
4222
342
3877
7163
7193
5320
1388
3757
1983
6691
42
3663
9067
8586
8295
3969
5855
5885
6646
5448
6930
6223
5362
6975
9949
841
2358
6183
6832
9161
6226
2052
4353
5538
2689
3882
2992
3080
1520
7654
8013
8632
4900
5197
2126
5085
7525
3757
4815
2014
3386
3568
9417
3301
4074
8873
5403
912
8701
3453
9939
7251
6111
5183
9779
4636
5878
5378
1819
9369
5822
7796
8216
9569
223
9012
9907
503
4752
6592
523
8511
1236
4019
1277
4744
7821
1622
6208
2970
7827
894
6311
1449
3658
5566
576
7500
491
6515
1690
4806
8155
9194
4295
7703
8602
1643
4049
3787
675
8329
6475
5971
3505
93
5613
7842
4804
3283
3798
1600
543
1799
5582
6194
8085
4231
734
4346
5709
4500
3567
1070
7622
8525
8396
3052
5077
1288
3862
7741
1002
8395
2045
3430
7674
3717
1832
6698
4407
34
9822
1610
4952
2728
6232
5846
2374
7535
7706
2542
2548
2098
3707
3028
6080
7664
8274
4881
2462
1644
4305
1774
9586
3930
3272
6420
6341
9917
9254
5594
5959
951
2559
6707
3033
8599
4820
8674
7661
2567
4441
5924
6056
3337
8516
3344
8145
9705
4960
1637
9164
8244
6469
7145
4064
6445
6153
7527
675
3782
3211
4859
9995
5279
5833
685
9707
272
7709
3357
113
5045
3930
6594
4
1732
1902
9607
3709
7490
2927
3380
9511
7297
546
4701
3983
965
2433
9448
6356
9927
3650
9244
2013
2211
432
1101
4411
4639
5295
7976
319
9717
6247
9232
4094
988
5131
3946
2943
4630
2755
6710
6570
7025
1319
5125
1443
7688
7897
548
2025
4453
6241
8786
8734
3161
8019
5459
5171
7210
8739
1504
5172
3265
8086
7900
3645
8219
9176
5147
3810
9035
6296
2205
7468
1502
6130
1684
4228
6128
3161
2914
233
9413
5979
2177
6867
6540
7555
9893
5175
7206
9187
7806
2256
9701
4806
5351
1799
9659
9577
3278
2074
8937
4345
4349
1220
6987
5367
5465
1441
1770
6962
2914
885
9774
3284
2638
4360
5031
4207
346
1842
5139
9510
2132
6727
8268
4972
4834
4213
8873
3787
6802
3812
1415
6800
3966
9044
771
5437
3124
1639
5217
1952
4254
7190
2881
2608
6282
4168
5367
770
6253
8397
2907
8523
106
701
3842
7392
4399
6259
7474
1034
2202
419
3421
5332
3148
7191
2504
4247
7132
3467
3843
2983
3533
4107
417
3538
2989
506
600
1583
6723
7945
6377
7719
9228
5138
9834
664
3708
2720
8331
4665
6095
6122
5307
8547
2691
2261
8043
9182
8513
8796
5943
7904
8300
9293
2866
4399
9768
7614
4886
8938
9219
38
477
493
2860
4226
3584
5210
3337
9988
1288
7008
9853
7989
6847
9657
2021
9028
5783
7581
2094
8352
7381
850
7612
6549
6482
8359
6636
1015
752
2007
742
9751
6779
3877
6729
2266
4269
7823
6587
761
1370
6719
6725
8436
5766
6644
1633
760
5497
9723
4246
9859
745
8032
5088
1768
2743
2027
4976
1273
8874
8248
1512
9254
3593
2761
7912
3058
3298
8706
3787
1239
9502
8641
1450
240
8761
4925
8017
2047
9676
4295
3130
8663
6992
6029
4470
1383
320
6566
8415
254
354
7328
1147
1884
8549
6627
6338
1784
7216
1012
9102
823
5716
6155
2382
4049
5031
2516
1092
4116
7363
6379
1438
878
9602
2578
7674
3313
9538
1288
6188
9888
1494
7532
7349
8716
3688
8777
8776
9393
3100
2886
9841
4312
4869
6030
6108
8387
2302
7706
4135
2658
494
7927
1642
9011
1227
9867
5351
410
9339
9761
9011
3426
1073
4689
7080
7637
3050
8057
5333
9489
6466
2005
8261
6600
4855
5784
4562
2171
5347
9213
6217
8149
2734
740
3733
105
2843
325
9943
6409
6745
8412
7447
9198
117
3577
252
4917
2760
3091
8448
7709
1662
2622
5876
9873
7315
3531
4652
9714
7018
8857
7132
8671
816
1945
5469
6368
5399
4911
1236
4372
8820
7633
2774
6880
4184
1846
5898
9282
3618
9007
4383
3616
4773
5102
262
3307
851
338
373
8239
1768
6722
4827
5238
8379
1979
5116
8309
3966
3908
4423
7637
7134
5379
361
6245
8129
6435
863
8486
6187
6665
7221
5076
9020
7969
4365
5263
6743
5077
7430
7888
1676
8827
5339
9612
2305
5058
6697
375
4390
214
655
3265
4727
3278
5527
8428
3386
2480
982
8383
8378
4388
5358
5149
2662
2441
8306
7988
7155
1780
355
4228
4975
7285
5219
4632
1558
2165
7730
9084
2441
5130
99
7986
5568
5229
1921
9686
7742
4740
4759
4501
5541
2185
496
1470
9395
9475
3689
4810
5852
9491
2125
3269
7074
2976
6472
7032
8519
6523
9475
3660
5466
6653
7498
6650
6521
8508
2382
7654
7612
1506
9554
6112
3050
8489
9141
8135
1249
9308
407
9834
1415
4620
6285
8964
4087
707
3982
2765
2830
1576
9681
9167
6532
269
224
3169
1810
7372
2313
109
2814
1019
259
2803
1395
9374
6594
85
3997
3495
5950
142
2947
5795
1565
3227
8855
6882
5447
4823
7724
1465
7825
2145
1088
2241
8834
3968
9974
9162
5549
6227
3844
387
485
3555
3766
294
3445
9994
5046
9454
7210
490
8294
1221
8998
8437
9474
9667
3809
3564
8870
4011
2860
8745
6103
5398
131
3932
3339
2906
2728
344
1653
7001
6240
8306
6142
303
4569
7648
3843
7502
4787
502
4751
8526
1540
2450
319
1656
2187
9528
5706
6187
3455
5363
1726
7433
2715
4851
9976
423
2154
8216
9922
2449
2112
2030
9881
8791
619
1835
4776
402
9797
4372
2279
7119
6190
6112
5569
5037
1308
8766
5278
2103
746
1773
5432
1689
5046
6369
8165
9926
3176
5775
9835
8934
9949
1308
6804
4706
2020
4727
2569
5400
3181
3057
9218
3044
8609
3261
5234
9257
9439
656
8581
3480
3572
6767
8673
449
5994
9432
3356
2127
2047
397
7358
8190
45
3398
6786
8287
5465
8766
188
8766
7505
8977
495
6331
239
3244
3679
1188
4819
8228
9394
2631
6225
6282
6027
731
7902
2233
7634
8837
300
4653
3014
2896
4815
7809
7843
5291
2906
6047
9239
2837
1274
3212
8345
851
7920
5925
652
7797
588
990
5615
7938
8693
4044
6852
2577
2136
8663
1684
4075
5614
2573
4153
594
4984
374
8720
3720
3050
205
2868
5558
5734
5196
5516
6668
6012
9190
4803
1307
2222
242
3107
1831
9401
4695
9432
9843
7149
9252
9249
7667
5185
8407
9735
105
8262
9820
3979
3052
5354
801
1161
2519
4180
4921
987
4896
1014
8965
9717
6863
7463
6906
2028
1269
460
9430
7633
3491
9030
4623
4095
1349
1593
7881
7601
444
530
6842
1584
5969
6517
199
9048
1502
3763
7628
8178
5048
8680
1719
2436
2705
8751
1843
5673
713
5407
4134
47
7381
4567
1435
9475
7377
1174
1960
4248
2236
9521
5674
2995
2584
9476
2963
6698
9518
9796
1005
5666
4894
3643
9476
4482
2823
8156
8679
1811
7610
9451
16
1646
6562
6801
833
92
9622
4885
3105
7107
1634
998
8164
5750
7170
4898
7729
2424
2349
2560
4888
393
2810
1530
7326
5388
2134
4807
9126
6523
368
2218
6741
7933
8058
3082
9392
6558
7179
1678
4037
9318
6731
7442
342
8557
7391
5178
1600
8081
6589
6614
3455
3385
2635
3582
3434
8719
4140
4830
802
539
8837
2992
8068
1590
4169
5627
2566
2362
469
4365
8991
7002
6480
9228
1496
8878
6027
929
7025
6966
4186
2597
9926
7959
1024
3776
1547
597
1097
3771
7556
8077
7286
8464
9983
1631
8251
4574
639
3332
9843
7989
7482
9040
2110
8309
5743
3020
5204
9976
1187
4220
9481
1537
3755
442
7298
8440
6009
730
6684
1535
2290
8180
9879
2971
1334
5049
3014
3543
7164
9592
6684
695
558
9347
1037
4398
6099
8724
3124
8856
7882
9729
8750
1659
334
3376
5803
8374
9266
5935
1162
9813
2281
8555
8661
1244
6967
969
1313
7689
9917
35
7013
7096
9567
1648
3286
3650
1057
247
3290
6804
1914
3521
2247
7688
3186
1239
761
3472
1880
6163
9048
2018
7003
1910
4029
3649
3359
7301
9435
4262
4343
9275
7589
4141
7410
6753
405
9840
3652
5957
6238
2255
5968
3669
8742
2660
8663
8653
3621
9835
5034
3027
9273
5711
8447
4793
7713
3934
6754
9881
2892
5658
9501
7120
4517
9490
2305
2333
6879
8049
3039
8415
3764
1832
4
6692
2562
2224
3144
1098
2917
9395
5546
824
7855
7537
3948
8928
8257
9473
3798
4134
4713
4982
6514
527
4347
2377
4048
5192
4048
845
8563
6968
5651
1842
3137
453
3136
1454
2731
8127
6617
2032
3376
61
3061
655
1505
5053
8994
4006
4671
9213
6235
4102
9514
8070
7681
6984
2767
6048
6523
6962
6331
2832
8903
2272
8023
9560
7030
4150
5448
9073
6983
195
1637
3485
3075
4672
7600
9261
8525
2889
8725
4657
392
4203
9091
6898
5275
8306
186
6806
1101
2484
8284
6684
9465
3282
7745
3270
2495
4648
5938
1270
7916
6019
9106
4601
6163
8069
7528
1835
3700
834
2620
9537
7507
8848
8238
2205
6642
522
3386
330
8182
4526
3771
8747
6460
4198
5194
5883
6500
2126
2657
759
4817
946
5229
8703
3337
3139
8210
8585
5095
2155
952
4111
3585
9533
801
9185
1157
7866
1060
2723
5686
7415
3620
1380
8911
5006
4958
9648
4281
7412
7578
5506
6935
7841
7639
6397
3525
3414
3523
4690
4988
3510
9395
3968
1101
3743
2426
7501
1659
7992
2278
8102
5465
1372
6711
4165
4973
351
7706
161
1376
2287
8381
1109
2226
5616
2156
9627
1237
3602
2117
1032
7844
9150
333
6684
2293
5509
4004
8244
556
7847
7741
5870
2224
3695
9046
1493
3662
6022
7069
4264
8170
1296
3154
9019
4700
6345
5305
201
6725
2010
7742
3036
3286
8657
994
970
4951
8464
7619
3397
8426
2037
3548
494
4933
2440
5325
2657
9080
7956
9030
449
6932
6051
7590
7245
4280
4885
9321
815
8656
5484
2065
2005
1579
7193
4085
8323
710
1401
4997
7801
5124
3700
7449
3781
746
2599
3015
4432
7147
3726
3805
1755
1361
2039
4685
3570
9153
994
9659
8579
9275
6838
9995
8962
1605
8240
928
7175
5842
6330
8452
3613
3384
7871
7608
9651
1416
4788
8925
6172
4830
6536
231
1170
8622
7930
6932
1267
626
3953
5009
1043
2070
4784
7508
987
1344
8849
7093
9544
4542
9031
4333
7270
4922
7353
3863
1415
2208
6424
8275
7392
1866
1716
2646
9533
3892
7382
1023
7306
473
9681
9796
4722
1941
6364
1964
52
851
7378
536
188
4726
2115
8972
8956
9037
1088
1485
1548
3321
5408
6271
7855
4997
5718
280
5929
7396
3348
5042
3072
798
356
9200
6120
7863
1883
4932
4361
7736
3744
2229
8249
6316
581
7130
4559
3722
5022
7438
3966
3800
6306
2176
166
4696
7606
9132
596
3952
4882
8165
7574
6380
6537
6660
5257
8054
2340
7513
2187
5141
2159
9299
1408
2035
9865
2947
138
9258
5477
9137
8800
7951
9035
5884
4853
4393
3053
6364
321
5008
6448
2855
3162
9532
1778
3884
1697
7640
9361
8159
8212
2219
6379
659
2533
694
6408
3386
8885
4328
5020
5711
9673
4260
35
6989
7958
2207
835
7178
6342
3189
9724
9563
3734
7452
9749
3361
3066
8821
7627
3001
2363
7112
7448
5148
8833
2988
704
4182
587
4609
833
1761
3475
6810
5962
6360
1128
5175
1824
4205
4748
9331
7909
3920
5456
2078
3859
3368
6084
3537
9809
8665
1150
2431
3940
2161
3502
9783
2858
8288
3588
3884
5577
3619
2638
9191
9861
212
4197
5977
482
9386
9379
2029
2531
6439
9970
2438
9369
5483
89
8635
4000
7597
1503
3233
4706
4783
9877
2910
648
6826
9256
7645
769
8111
9910
922
9853
6680
276
2167
8857
8364
7229
9672
2753
4710
107
9508
8015
4592
3061
3536
3641
5888
7114
7502
4114
5431
8082
8452
74
2528
8942
9191
2645
3811
5633
6365
312
4888
3344
7900
3077
7359
6342
4986
7180
8098
8104
3565
5127
1401
146
396
9962
3591
7269
9122
9797
3979
4181
2540
8421
5689
3443
8236
532
4806
7517
6140
5552
6524
8332
8163
2341
2561
6215
2077
8165
4938
6310
4037
9245
7442
4687
6778
6906
7546
8191
3364
2896
8401
1831
9640
9812
2613
4967
2012
7715
6955
2916
1042
6004
9913
3712
5501
415
2010
698
5970
8614
2236
406
1860
4243
2589
1743
814
8562
6703
6874
4855
802
7901
6426
3346
3265
6556
1594
8871
4810
6647
3603
8457
6899
6586
6586
9247
9630
9983
3397
4652
1297
7865
5115
4329
3945
5061
4118
8873
9099
9944
7424
8063
2406
8550
1755
9672
3252
1179
4242
4391
5629
2059
3044
1280
9453
353
273
7248
7369
3878
5568
3609
651
5259
2412
2453
9243
3936
886
5726
5198
6403
9894
276
5834
1418
9145
2838
2752
6492
6124
9977
5550
6923
6176
9325
4542
8879
4396
99
5066
3598
6524
2871
7088
616
2242
809
7720
4161
8415
7214
979
8291
1626
7075
8700
3214
9117
3567
8810
7303
4718
3965
2389
6777
1681
3248
8890
7752
7472
7865
9699
3438
6531
6552
3802
2591
5730
9895
5765
4058
3895
5411
5438
6216
1083
317
846
9415
5535
9875
596
4164
6225
5227
9766
7730
6761
959
3747
7057
1999
9314
7783
6468
2211
4890
6073
4493
892
982
3198
5338
1360
6291
2375
7009
4194
8612
9584
9903
2253
358
9954
6817
2533
9272
2976
7722
4415
6540
6072
448
2041
3644
1867
1417
4441
8787
3078
8985
855
3469
380
5607
217
9896
2828
4040
3183
303
7446
7103
2270
9986
4469
145
679
6854
7355
281
3213
1657
2213
6721
3322
4710
9525
2060
8754
6855
2194
5282
4560
4738
7842
3381
6266
3000
3
47
7918
8942
2423
6610
9380
8396
3012
2616
4816
5069
9155
784
9571
9483
4093
3883
5809
7755
4851
9102
8239
4952
5807
8843
9983
2503
8396
5589
5234
4274
6706
2453
9738
1270
712
333
2316
677
3809
7232
671
964
8907
5216
2527
1107
7884
5732
8800
8639
2455
4561
8942
8224
616
3573
9845
9669
1761
7589
8791
1957
5275
1194
7798
7695
1958
2123
1411
667
4987
4976
2510
7639
7294
1434
1017
4454
5199
918
8516
5565
3955
8655
7765
5647
9443
6520
9823
1681
1676
5673
3082
4015
13
9033
7904
5272
7000
5911
7739
6742
7638
757
2602
2849
3519
2920
3651
5701
6762
4526
8183
3308
6971
9186
2869
7068
5536
5068
9266
6381
5524
2079
9748
812
2116
4392
3853
3180
8113
6341
4770
105
1369
1863
3179
110
6173
5045
985
3192
8600
2142
625
9944
6621
3426
6571
2747
9381
6641
4407
6358
6449
2502
9457
276
7108
6664
1266
700
1757
1907
2519
5581
2367
8900
900
2299
6606
3829
301
3852
717
6427
3351
6080
9515
2497
746
5395
8000
894
4075
3804
7973
6101
7922
5561
4772
4045
3934
7696
3814
584
4199
4904
3947
9247
3818
7761
4796
7199
2878
2108
8280
6188
6138
6580
245
8263
4731
4716
6768
4414
7907
7869
1121
8011
4432
5217
1579
3849
2647
7590
7339
7968
5366
2510
9615
2998
835
8911
7716
8748
3770
1300
5301
7955
1125
4796
387
2708
5717
4451
3711
7915
7064
4509
4033
4350
2877
5855
5625
5336
6538
2843
2797
7905
5575
3828
8622
1413
3673
3339
206
4000
4083
7599
815
45
5399
9293
9986
9827
1657
1916
6318
5939
7441
8845
4090
9734
5270
7313
4056
5028
6920
2934
814
5632
2527
6071
4020
7863
1329
7409
8340
9161
5745
6426
7564
9143
6082
3081
1558
5
6665
44
843
9048
5382
14
2527
7279
7774
319
3004
4537
3621
4837
7419
3405
8720
1526
3220
1277
7046
2369
5296
2389
8786
1362
3179
9368
7919
5343
6579
6905
8912
1924
4119
8525
5893
8524
1558
1119
9231
6664
20
884
3824
6000
1786
8640
602
3348
1049
2091
7769
2950
9725
7544
1113
5568
3860
3848
3366
5662
4483
6853
1031
7845
7855
3570
3350
6104
3988
1409
2180
1859
9000
9322
3405
9822
6478
4543
216
3845
5304
693
6112
8469
6622
454
782
5702
560
8792
5179
750
4151
719
3016
4838
5452
999
4719
8063
5340
1840
6390
309
7623
8658
772
3634
196
3248
9357
5277
4812
8374
4820
6437
689
7675
780
8331
7664
62
1500
3677
7910
8309
7623
8712
1302
7436
5265
8138
8470
9646
4881
2975
7276
9078
3200
9179
3017
1450
6215
3140
9985
771
3731
8659
2213
7746
6290
8851
4173
2246
3446
5598
8027
5243
8268
8598
2600
4018
6764
5852
684
8112
2448
7541
5493
2464
5669
5584
4142
8540
4533
1962
5877
3816
9239
9837
5429
4953
4479
2899
7383
228
5198
9986
5698
2340
9429
3991
3647
3587
8221
6364
3362
1589
6694
1077
880
5222
2206
4845
2141
7241
5252
3589
7738
2185
6257
8676
9390
5586
6762
274
9071
3263
6586
9354
2549
7509
9549
4291
2660
387
9074
2825
4074
2998
1544
5213
551
3598
9719
9802
7692
6740
663
7982
9077
242
2683
1486
1337
6703
3586
1348
4170
1548
8179
4488
4625
127
6431
840
1075
2265
4916
1230
1201
3845
3282
3795
58
1508
4335
4619
8829
8327
1058
6503
2211
5489
6358
8286
2570
7383
1699
5987
1957
5294
8874
6176
8886
7928
5143
1468
5357
5364
5704
7773
1051
6727
9067
3059
5823
851
240
7763
8689
3525
3879
7709
1328
4512
4529
1408
6812
2492
3929
4960
9732
6299
5981
9432
2201
6385
8415
7531
1305
1325
6469
8698
7482
343
7964
4291
67
4342
1016
7480
5747
4728
5372
5642
8040
1428
5818
6598
1084
8941
1460
3864
8999
2021
7812
228
2844
597
9542
3454
857
6979
536
2656
4019
7003
4468
8998
8249
824
3478
9775
6571
8336
4732
618
9439
8833
4677
6623
9071
4444
8605
9533
4149
2145
8770
4725
4484
9671
7784
8771
1401
6548
5228
5555
8473
2640
4529
6572
8987
3096
4012
8894
1059
387
756
2523
8658
1249
8358
7373
6991
8778
80
8956
3640
7666
6934
994
2683
3611
6265
2663
7578
6341
89
7916
62
9318
4076
4455
6500
8236
7416
294
183
4694
996
6598
7924
1072
6371
6463
1964
7547
785
694
3682
2448
4153
3252
3888
2698
2374
1007
5588
1951
7586
4727
9027
242
47
805
5532
419
8232
6131
6238
3479
3404
1736
4114
7017
2448
4338
2883
8434
8075
8796
4413
7308
8625
8586
6926
9378
666
5908
2
7955
6331
7792
8755
7267
3908
9664
8789
6242
4589
3232
5583
508
486
1268
6814
5069
9006
7879
3783
9969
6536
9215
8587
6581
9992
6184
6998
2647
8262
7746
3061
105
6790
591
394
911
7683
8624
6865
2547
4540
3577
3884
6726
5954
6256
8877
1925
4113
6501
9706
2783
5261
8720
2751
7194
6927
9061
2174
4932
2749
9715
6490
32
9495
5627
9975
2859
2479
8990
681
6741
4897
7274
3862
8392
3872
1286
9475
947
944
762
5077
3370
7625
6319
927
241
7219
8289
2383
1480
2580
4862
5799
2439
5758
4286
8032
978
9509
8449
6409
9620
2573
8042
5532
7711
307
2755
9657
606
9751
3461
4567
348
3563
7171
799
5051
360
9729
915
2242
9977
5633
7093
4802
885
9186
1717
6826
3619
6235
2910
691
8416
1187
8952
5973
7484
9665
410
5429
2323
3246
6465
3216
4339
9000
2385
5763
2641
3250
8407
6254
6329
5909
6377
9563
9888
9029
9423
5659
9315
795
1661
5993
3549
4079
9464
9185
431
6913
3211
9447
8946
718
8548
3614
9829
1017
9230
397
4727
4469
9342
8527
91
5551
1363
8828
5696
5963
7902
8942
9284
9953
9189
8421
8209
9135
5441
6207
6132
1082
3084
2145
7872
7029
6448
9086
8291
5329
2076
2428
1759
8972
1041
9430
7189
7438
5779
1569
9871
5424
1884
9361
5424
3582
2001
546
3081
9293
8526
9386
5178
8733
4158
6902
7277
4992
4520
9337
8642
862
5055
4857
5930
9043
5159
6571
3916
7008
6169
3316
5819
8499
6194
8331
2367
8762
4020
9942
3142
5992
6383
7691
5916
7194
7724
1948
9726
2680
9218
4993
5235
9771
4360
6782
1580
2897
1677
9187
2335
4303
1210
8355
4505
6775
376
6003
3505
7453
6509
7001
3991
9652
7936
2348
1098
7852
2792
3803
9133
9532
4954
8860
5132
6359
9436
2472
2781
6403
5399
5028
8177
8504
3507
4428
2661
9692
5808
3780
9513
6656
511
5262
695
2650
1114
4973
7036
1945
9144
3229
230
4953
2475
9688
7881
8493
6654
2940
3425
7317
4942
9738
1244
4979
3910
9928
3506
4401
5323
9321
9379
1083
1775
4229
9120
4802
3098
8212
5248
8853
2894
3673
524
9424
9731
8424
7790
1520
5499
14
9815
2007
4234
8743
8309
4815
8313
3596
9952
8109
5326
4053
3928
8319
8188
4697
9775
1338
3060
8868
6609
6887
4546
2221
4762
8100
5240
6978
8703
4683
7245
2908
5748
4685
6506
1635
8514
6870
6964
6721
322
2945
419
3183
1843
6493
9710
6568
4143
3381
7414
3542
8004
6581
9545
3038
1895
6914
3962
9479
1277
34
6144
7298
106
9132
787
9058
1272
2305
6274
7835
6559
3299
510
8203
8195
4437
803
9183
3525
928
7554
6766
1477
6484
1340
3320
4538
1183
5663
6036
2755
3855
3102
6889
6942
2929
897
2090
6670
1628
3117
9908
4943
5689
443
1905
5469
4360
5363
4132
377
8326
100
1637
5880
1450
6936
1740
936
6710
5791
8999
9243
572
1862
7493
8071
4184
6945
4130
8365
4236
1644
51
9300
1106
2110
5884
7086
7009
4153
589
2143
2253
9645
2951
1025
3430
4954
9394
9426
3387
8839
1716
483
9169
7688
3597
8156
763
9317
5281
8984
456
2585
1709
6717
9868
9072
557
3429
9334
4730
3124
7600
2192
3993
2841
4332
4761
6185
3250
5399
1300
4216
9795
7131
2106
8544
7437
2293
2014
5174
9237
8031
6084
5055
9360
5754
8979
3681
7663
371
4660
3886
2032
5689
3416
1911
8907
9985
3959
6648
2095
762
9332
4618
4862
533
6735
8776
569
6105
3000
7446
2667
2280
9429
866
5710
7158
1977
6693
5281
298
5346
2567
6150
6859
2460
3367
4857
576
4009
3145
4981
5905
6265
6895
823
4998
9218
5294
7946
8325
1227
6326
7097
8679
851
1327
1394
7076
1290
9393
5334
5636
7956
3318
8184
6900
5104
2276
3635
1259
3157
1321
2174
4159
4386
5421
2623
2573
936
6255
4482
5885
5867
3263
3300
9750
4804
6556
7171
2765
3089
8212
3601
4873
922
203
2529
3283
6849
1745
3060
6399
8201
6219
8599
8761
5588
7963
7504
320
7413
2243
4131
1506
9496
7458
8177
1490
4375
7284
8620
808
4641
1845
2228
1090
4713
1245
5591
4000
5899
1816
3962
8723
279
5333
9789
2319
9976
4050
8765
94
9729
9950
1457
3783
2313
4855
4140
3768
8328
9161
3341
7826
4164
873
4736
2981
4498
3352
8609
8898
8634
9710
810
971
3164
4171
334
8770
6969
5842
2027
811
8434
8359
5706
9775
8875
9639
1004
3231
643
9564
647
3692
3178
9878
3530
8382
5312
9753
2979
3517
7594
2574
4856
44
4054
4308
4823
7848
8903
1500
3984
3232
9967
7427
7379
91
7323
8227
364
8700
2558
6905
3767
7239
1362
2065
9912
295
9727
9926
8076
5434
1953
2721
9762
3657
6861
3943
1297
2044
7137
1053
3670
7231
5571
9263
7305
6480
1111
5766
2484
9071
7108
2435
4541
4481
3906
6383
6587
5412
8011
2033
1573
3093
501
5375
9739
9489
8005
954
7192
6069
653
4772
6216
1575
2707
1812
8208
1917
3234
5120
5680
3716
6169
4550
613
9318
1360
7138
2676
5143
799
7848
2268
7146
7121
8920
180
6833
4702
8459
7789
8818
7163
4033
9108
6199
8974
5038
8789
3193
2956
8374
8206
5386
9995
5601
5136
6754
1997
6120
1223
9140
4256
193
5403
4293
8766
7636
796
744
5756
2869
7160
7831
6710
4689
952
6979
8521
9600
289
6000
5042
819
2638
5607
9265
1200
8965
8609
6658
7214
9206
1323
7745
2864
488
3617
5943
6950
1250
8693
4853
4445
1615
6258
7772
2941
2727
3009
968
8043
5565
2522
1481
7452
2760
2581
9617
2023
5351
1728
6108
3526
48
8405
3994
3069
1622
5424
5683
1177
9292
9717
6348
358
5651
2323
5866
3703
1551
6377
2815
8468
664
1520
5720
1967
2947
1590
8696
8121
7147
8701
893
6997
8626
917
1758
6355
316
2578
7027
3764
1393
6067
3557
241
396
1282
4654
1475
6936
4438
1363
726
8892
923
9387
8251
50
7893
5689
5723
6496
1069
3688
528
8778
6733
988
4040
815
4343
9001
36
5881
7359
9550
4246
4560
9889
9539
3709
9550
4593
1132
5088
7389
2912
1525
4377
7781
2128
3369
6548
7036
5041
4156
2593
3317
7098
497
3149
7921
2718
1095
2440
8574
7229
438
3607
7881
3361
3778
6683
2478
1561
2769
3436
6199
1512
317
9100
3601
8212
2635
9605
8590
9705
6295
4359
6538
5150
8126
8838
7314
1273
6243
8284
919
2474
1170
3687
7070
4837
7079
3862
4979
7157
4474
2939
9843
2678
7315
847
8098
3739
9557
5502
4369
7742
8299
9312
9230
6947
3408
9335
8375
6493
6298
9990
620
4712
3817
9542
4260
7343
6707
6776
8746
2564
5906
2236
1393
6880
4171
9217
6878
2886
4908
3258
668
8639
4905
5366
6182
4995
2737
3362
9508
1611
14
7831
4779
4527
8371
3976
7956
8253
1086
8382
6670
3112
4608
120
9041
4198
1860
8969
4947
1808
6216
9600
9061
4400
2251
9490
6198
4267
7030
75
5963
2946
3525
5177
5527
8120
6027
8096
6478
6257
5905
8940
4094
5553
4916
6715
5176
1903
2416
6521
3595
6540
2296
777
1100
7761
5227
4824
4602
734
1899
1491
157
8743
3318
6242
8161
6462
4981
4369
3909
815
2719
4374
2575
7833
9381
7162
7949
4547
3153
8943
9784
3399
296
6865
5513
2903
7330
297
8251
2388
310
7418
4498
510
1718
6324
1777
6942
8719
2179
8544
4129
55
7148
6146
1371
2679
7798
5352
6554
3399
5448
8028
1884
5236
8572
7899
8663
3015
2749
3042
2769
7756
2893
6705
6857
4863
4551
2406
7515
6806
5885
3837
5602
7011
9634
73
5833
8033
4840
1790
7302
3724
1390
4782
72
2052
6545
2927
4247
2552
1548
3923
6989
9916
8107
7632
9831
3185
9127
8647
3359
8181
5375
1847
8797
9365
9976
2115
6409
6124
5564
7147
8718
7663
4757
5326
2527
132
3179
9033
7446
9378
5711
7407
255
2827
843
1591
3756
4383
5072
9805
6020
6944
9126
9186
908
8177
466
6286
3583
6509
1989
8365
5359
5952
5164
3148
690
360
6920
5618
5346
9949
3521
6572
8902
5548
1400
9170
6572
8909
4469
6523
5065
648
9758
5466
4717
890
8409
9111
5415
1538
7055
3512
7004
3252
5349
1828
5790
4658
9075
2742
7539
6096
4647
8580
3909
5323
31
2561
3668
7941
9209
3918
2229
1094
2089
4247
3058
4934
9494
8389
2315
2768
3310
8359
3741
7379
5165
9429
4234
8025
3117
3326
1842
9878
4763
4684
6932
5252
6873
3380
4228
3865
6233
7214
8071
7614
3697
6484
5781
3833
3660
4453
4314
9883
4088
5445
3554
1032
8075
5372
5518
3078
6490
7846
2506
932
2669
2735
8824
4453
4378
2985
60
3251
5274
9880
1120
2871
7972
6474
9215
5806
3471
3926
844
2104
7190
5657
2414
6021
149
9829
2616
7096
4920
1531
926
6334
9907
2194
663
731
2242
5307
6941
2330
9109
4261
9525
1144
9676
301
8129
4869
4978
5985
3012
2109
1068
2296
6862
9996
1553
5605
4892
1557
9217
4059
8861
2943
2883
1643
7279
5743
4844
2164
8451
4980
6295
4718
5209
9120
2996
6789
195
4441
1095
1118
8375
2449
3507
7655
9101
5679
545
2522
3491
4180
4586
1759
4141
2262
7483
8792
3275
2661
1168
1088
2311
3195
6416
3254
518
9188
2104
944
2956
3447
7463
2386
8215
4462
2803
2085
4581
2584
9974
4304
9244
3470
2429
2303
8882
7790
6196
2990
1556
6343
7244
5644
9223
71
7829
7660
7368
5225
4210
9903
3281
4922
822
9180
7315
9691
1449
5572
2089
1255
6265
7961
3067
5752
4656
1904
199
4873
7730
238
4354
5997
1073
8258
4206
5279
7905
2140
8900
893
5124
1382
9334
7111
9878
3482
6236
3798
2314
1809
6335
9988
921
5678
8864
4718
489
5017
3420
3058
9133
691
6750
344
61
5532
435
3048
5777
452
3629
424
7307
4622
5032
7079
8674
8628
6090
2985
7324
4765
3044
4062
4514
9193
8924
3466
5767
6532
7796
951
411
8676
2705
5291
952
6070
5578
2641
7578
1538
2093
1915
431
3837
7015
6808
2460
562
5815
2901
8646
7761
6538
7469
3179
6688
1820
9041
4759
6474
4715
3563
1647
5196
3581
4089
2256
802
635
1333
4193
7664
6005
3119
4435
4162
4100
1804
6057
1600
1952
66
2369
5039
9828
7138
7607
2170
2817
9474
4464
7198
8418
2169
2621
2944
9167
4
9186
5802
1275
9892
1497
5051
9903
9734
5080
98
9250
2200
4735
6686
922
5785
4685
5838
7200
9669
4544
7358
6764
3327
1421
3090
9206
6662
4929
3808
1207
1483
1082
7614
1673
554
3101
7010
5298
6193
2010
6461
4036
6359
7571
2157
3797
2562
570
961
9304
557
780
6064
3499
1730
1015
2758
9158
403
6603
8887
9421
9816
1352
1072
850
7507
5597
9579
7329
8961
9303
1831
5599
6979
3328
6999
3579
3018
4966
1853
741
5923
9644
1084
5748
2927
9282
3737
343
7575
9228
994
36
9308
9896
9623
1511
9862
6302
9654
3910
2317
8531
4493
6111
9693
8820
6608
4973
1305
6466
2169
152
6742
10000
3577
9525
9311
7219
9679
5530
3039
7561
9670
6805
9940
8040
8150
1379
7140
3502
5630
7381
6655
4316
893
4742
4178
9780
9047
6664
7025
3490
1851
2805
5571
7741
4953
7034
6968
